1340/1340 [==============================] - 40s - loss: 0.7077 - acc: 0.9485 - val_loss: 6.3242 - val_acc: 0.5867
Test loss: 5.71714240378
Test accuracy: 0.640109889455
364/364 [==============================] - 1s     
{'CAR': 16, 'FINISH': 2, 'LIKE': 9, 'IN': 18, 'THAT': 17, 'HOUSE': 7, 'WHO': 12, 'DEAF': 13, 'YESTERDAY': 8, 'BUT': 0, 'CHOCOLATE': 4, 'SEE': 5, 'FUTURE': 10, 'KNOW': 3, 'MOTHER': 14, 'NOT': 1, 'SAME': 15, 'BOOK': 11, 'BUY': 19, 'REALLY': 6}
Confusion matrix, without normalization
[[ 4  0  0  0  1  0  3  2  0  0  0  0  0  0  0  0  0  0  0  0]
 [ 0  7  2  0  0  0  7  1  0  0  1  0  1  0  2  0  0  1  0  1]
 [ 0  0 20  0  0  0  0  1  0  0  0  0  1  0  0  0  0  0  0  0]
 [ 0  0  1  3  0  0  2  0  0  0  0  0  0  0  1  3  0  1  0  0]
 [ 0  0  0  0  8  0  0  0  0  0  0  0  0  0  0  0  0  0  0  1]
 [ 0  2  1  0  0  4  1  0  1  0  0  0  1  0  1  1  0  0  2  0]
 [ 0  1  0  0  0  0 50  0  0  1  0  1  0  0  0  0  0  0  0  0]
 [ 0  1  0  0  0  0  0 12  1  0  0  0  0  0  0  0  0  0  0  0]
 [ 0  1  1  0  0  0  0  0  7  0  1  0  0  0  0  0  0  1  0  0]
 [ 2  0  0  0  0  0  1  0  0 12  0  2  0  0  0  0  0  0  0  0]
 [ 0  1  1  0  0  3  0  0  1  0  5  0  5  0  1  0  0  0  0  0]
 [ 0  0  0  0  1  0  1  0  0  2  2 17  1  0  1  0  0  0  0  1]
 [ 0  1  0  0  0  0  3  1  0  0  1  0 13  0  0  0  0  0  0  0]
 [ 0  0  0  0  0  1  2  1  0  0  1  0  1  2  0  1  0  0  0  0]
 [ 0  1  0  0  0  0  3  0  0  0  0  1  3  0  7  0  0  0  1  0]
 [ 1  0  1  0  0  0  4  0  0  0  0  0  0  0  0  5  0  3  0  0]
 [ 1  0  1  0  0  0  0  1  0  0  0  0  0  0  0  0 20  0  0  0]
 [ 0  0  2  0  0  0  6  0  0  0  0  0  0  1  0  1  0  3  0  0]
 [ 1  0  0  0  0  0  1  1  0  0  0  0  0  0  0  0  1  0 13  1]
 [ 0  0  0  0  0  0  0  0  0  1  0  1  0  0  0  0  2  0  0 21]]

